5.9644
5.5294
5.2508
5.6092
4.6043
5.4249
6.5968
7.3348
5.8180
5.5423
5.0479
8.7189
5.5528
9.8914
6.1780
5.8466
20.6032
4.9900
5.1975
4.3491
5.2251
5.0506
4.5194
5.2989
7.2036
5.7002
4.9610
5.5932
7.9495
5.7759
5.7366
7.5833
6.4391
31.0389
6.6573
5.6709
5.0205
4.9075
5.5675
5.3985
5.1879
4.8569
5.1200
8.2106
5.4862
6.0048
5.6586
6.1031
8.0550
6.2837
22.8270
5.1504
5.0403
5.3121
4.4827
6.0303
5.7690
6.2341
6.2040
5.4977
5.5598
4.7121
5.3186
8.7650
5.8441
5.2577
5.2518
26.2935
5.0852
4.9220
4.8246
4.8584
4.7236
5.1216
6.0657
5.9765
5.3906
5.1478
5.6415
10.4556
5.7239
6.5010
11.0658
5.3432
17.8410
5.0235
5.6715
5.3112
5.1190
4.6999
5.1753
5.0617
5.5771
5.0049
11.2144
5.6597
7.5724
7.8649
5.5157
8.4797
6.3515
15.7615
4.9941
5.5112
5.5749
4.7483
5.4710
4.3904
4.8744
4.5384
5.4238
4.5402
9.4843
5.5299
10.4482
10.3498
7.3251
6.8611
16.1200
5.0532
5.9472
4.8077
5.4219
6.0857
5.2706
5.2231
5.9665
5.5686
6.1720
4.7620
5.8095
8.9263
5.4688
4.7497
6.2971
18.5883
4.8240
4.9057
5.2329
4.9194
5.8830
5.5333
5.0611
5.7460
6.5420
7.6836
5.6327
5.4940
6.4184
8.0425
4.9209
6.7994
25.8988
5.1086
5.0793
5.2650
6.1957
4.9549
5.7210
6.1087
4.4896
5.3731
7.8780
5.4623
5.6494
6.8929
5.4499
4.8330
6.1002
23.2253
4.7864
5.3010
5.8190
5.5343
5.5780
5.5112
5.2161
4.9735
5.9331
8.0841
5.9048
4.9960
7.0794
7.4442
5.6008
6.0252
27.5488
5.4057
5.2089
5.2679
4.8954
5.0355
5.3061
5.4760
7.3149
4.2459
4.7847
5.6875
6.2547
5.9369
7.1739
5.0449
5.9754
14.7117
4.9612
5.0213
4.7158
4.9382
4.3538
4.7938
4.7261
4.9794
4.3665
7.0449
6.3981
5.5969
7.7599
5.3082
5.3041
6.7479
12.1936
4.6075
4.9278
4.8125
6.4773
5.9336
5.7999
4.9176
7.6099
7.7216
7.3169
5.5578
7.9134
6.1608
6.0494
5.6094
5.5014
20.3420
4.7640
4.9683
4.3644
5.0416
6.1155
5.9625
7.6450
8.2223
5.5453
6.8917
5.7753
7.4694
5.0240
5.1622
5.9557
5.3363
10.1478
5.7535
4.4929
5.7740
5.0208
5.1208
5.5632
4.7030
5.4434
8.4765
7.0990
7.1200
5.6221
6.5869
5.1993
5.2483
8.2948
29.7635
5.4773
5.8919
5.0668
5.6488
4.8003
4.5839
4.6747
5.4381
5.5864
8.6404
5.1694
4.8437
5.1793
7.3847
6.9724
6.7970
32.8358
5.7250
4.5483
5.0926
5.3766
5.6508
5.0385
4.5658
4.9858
4.6771
8.1563
5.7191
5.0942
6.6065
7.6125
5.7121
4.9465
29.9695
4.9491
5.5740
5.9826
6.3198
5.2922
5.7281
5.3698
5.4133
6.5320
9.8521
5.3423
4.8904
4.8282
7.3082
7.1655
4.9635
31.7162
5.4676
4.6954
5.9888
5.6910
7.4361
4.9460
5.3858
5.3692
7.8840
11.5098
6.9517
6.7803
4.9520
6.4059
5.4506
5.5700
27.3887
5.1809
5.7843
4.7009
5.3579
5.2107
4.6645
5.5677
4.8469
6.3156
4.9903
7.2931
4.8337
5.4932
6.1977
5.4658
5.2134
8.3243
5.1407
5.1304
4.6949
4.7326
5.4709
5.3816
5.4690
4.9517
5.2062
5.0587
6.2047
6.6827
6.8959
7.0334
4.6893
5.4230
12.0797
11.7150
6.1339
6.0154
5.4108
7.8901
5.6774
5.2106
4.8056
5.0854
6.8597
5.6844
5.7144
7.9056
5.3896
6.8255
5.8610
19.9127
4.9196
4.7067
4.9599
4.7644
5.4259
4.9214
5.1490
4.6766
5.0116
9.6184
8.6025
5.4280
4.8445
8.1261
5.3085
5.5905
13.3390
5.2646
5.5834
5.6430
5.5038
4.8280
4.8274
4.7576
5.2531
4.8174
9.2833
6.7971
7.3137
6.9840
7.7796
9.8273
6.4815
26.9673
5.1017
5.6326
5.6124
5.2264
5.4575
4.3552
5.0589
11.0664
6.5705
4.7569
5.2036
5.8152
8.9732
5.8062
5.8281
6.8447
17.1718
4.8975
5.1817
5.2939
5.6507
5.2160
4.5905
5.1966
5.2634
5.2768
6.9447
6.0548
6.3598
8.0782
5.9388
5.4993
5.3889
10.6894
4.8958
5.5345
4.7722
5.6655
5.2743
5.6045
10.0282
4.9827
4.4844
4.3037
6.0400
8.0673
5.3274
4.8960
5.0494
4.7312
25.9725
6.4987
5.2869
5.2069
5.7586
5.4384
5.2131
4.7107
5.1919
5.2103
9.6023
5.1915
4.8214
4.7498
8.7006
5.4608
5.1841
14.5845
4.8383
4.9678
4.6435
4.6701
4.9576
4.4097
4.6597
6.2153
6.6346
6.0241
7.2107
7.9140
5.7812
5.4942
6.6548
5.0078
15.3772
5.1018
5.0138
4.5532
4.9749
5.2732
4.6642
4.9390
4.9575
5.1786
4.8264
5.6275
6.6509
7.7446
6.6613
9.0790
5.2125
9.6269
4.7470
5.5008
8.4452
5.7348
5.1801
5.0925
4.6044
4.9258
6.8931
4.8138
5.4029
8.1910
6.1119
4.4422
5.2781
5.4182
16.6466
5.1064
5.0271
4.9895
4.7513
4.9443
4.7120
4.5014
4.7131
4.7843
4.6166
5.5939
7.3578
8.5851
5.9829
6.4740
6.3860
26.9487
4.8517
4.9395
5.7613
4.9641
5.7104
4.4386
4.5065
4.4792
5.0522
11.6472
5.5467
5.0944
5.1168
4.5563
7.2275
8.3746
30.8053
4.6520
5.7551
5.3089
5.3414
4.9415
5.5189
5.7607
5.6512
6.1510
4.5109
5.9621
6.2040
8.3994
6.2402
4.8996
5.3263
9.3804
6.5588
5.3913
5.1990
4.7987
5.6126
4.9846
5.6966
5.2068
4.3399
9.9985
5.9309
6.0097
8.0839
6.3110
6.1470
7.9996
33.1331
4.6210
5.6407
4.9352
4.8176
5.2526
5.4769
6.3673
5.3543
5.6601
5.6604
9.7662
6.3229
6.8942
6.1194
5.2132
5.8901
32.4995
5.2792
4.4761
5.0501
5.5943
5.4835
4.6568
5.2785
5.7806
7.7784
5.2772
5.2385
6.6681
6.1457
7.1773
5.4512
7.6980
32.1461
5.3616
5.0398
5.1448
5.4488
5.2379
5.0903
5.6421
6.0464
5.3373
5.1747
5.7903
6.7810
6.4530
6.9577
15.5465
9.7471
29.8332
4.6800
4.9355
4.9796
4.5294
4.3796
5.0582
5.4390
5.1035
5.8660
7.8710
8.7959
7.6625
6.5174
5.2902
5.0489
5.2035
17.0478
4.6482
5.5080
5.1313
4.6996
4.7247
4.7438
4.5816
4.5979
4.6419
5.1147
6.3911
7.3516
9.0139
16.1224
9.5961
7.3370
18.7815
4.9117
7.2877
6.8587
5.4159
4.7599
5.1388
5.0764
4.9485
5.2914
8.6440
4.8742
5.7666
4.9720
7.7017
7.0211
5.8144
12.6958
4.9667
5.3322
5.1139
5.5419
5.0849
5.1544
5.9252
5.2016
5.1332
4.3942
6.1275
7.6330
5.0829
5.7592
7.0129
9.6128
19.3598
5.1016
4.4014
4.8663
5.4468
5.0696
5.2568
5.5142
6.1908
6.2700
8.9684
8.4967
8.7836
5.1834
4.9729
4.4415
6.0834
30.3764
4.8788
5.3132
4.7651
5.0479
7.2297
5.4393
4.7424
7.7880
5.8195
4.7336
6.8911
5.2044
9.1044
6.3869
5.6756
5.5120
23.4985
5.1811
5.0094
4.6189
5.7532
4.6444
5.1751
4.9489
4.5769
6.4137
6.7300
6.2857
7.5592
5.9717
4.3957
4.8768
5.0891
10.9757
5.4128
12.7365
5.1694
9.7268
5.7025
5.9219
6.3093
8.7658
5.8727
9.3190
6.0073
5.6766
7.5292
6.6943
7.3065
6.5760
20.0959
4.7565
4.9171
5.0772
5.1119
4.9293
5.1459
4.9318
5.4304
5.6250
4.9690
6.9620
7.0168
5.9462
8.4022
6.7717
7.4703
19.7543
5.2083
5.0032
4.2442
4.9970
4.6578
7.1340
5.5733
5.3131
6.5921
12.4353
6.1868
5.6782
6.4043
6.0722
7.1644
4.9366
19.8519
4.9634
5.3372
5.2123
5.4744
6.8485
5.7079
5.8451
4.6621
5.1916
4.9652
5.4608
8.7311
4.7629
4.8564
5.1923
7.4991
11.8544
5.4142
5.8319
4.7493
5.0274
4.6815
5.0248
5.0807
4.8597
4.5465
8.2986
4.6822
4.9894
7.5032
6.2463
7.2247
5.8666
26.9757
5.3236
5.1505
5.1071
5.7009
5.3904
5.5301
5.1444
5.3322
5.8491
10.5078
5.6660
4.9032
6.6190
7.6493
5.4045
5.9331
30.2781
4.9722
4.9731
4.6470
5.0135
4.5135
5.1874
6.9329
6.8723
7.6400
10.5473
8.3020
6.8057
13.1088
6.2664
15.1415
11.1474
16.7364
6.0015
5.0297
4.7315
6.2216
5.7348
4.9113
5.2351
6.6214
5.3416
4.9427
6.3165
5.9315
7.4175
5.0529
9.4942
7.2431
18.9113
6.1757
11.7633
5.9648
7.1739
9.2853
12.6586
4.9998
6.4077
10.4126
7.4783
9.8001
13.0184
7.9810
11.8483
12.2933
11.2688
23.5479
5.2059
5.2898
4.1847
4.5113
4.6813
5.1203
5.1669
4.8168
5.8719
5.7310
8.3235
8.4617
6.2637
7.6915
7.3624
5.8552
18.4194
5.2132
5.3328
5.1649
5.6253
5.2466
4.7593
4.5350
4.8674
4.9850
5.2894
7.5627
9.2793
10.0539
12.1275
6.7622
5.8034
12.1727
8.0882
5.3098
4.9317
5.4709
4.6300
5.1796
5.1554
5.2393
5.1527
6.9202
6.3909
9.2113
5.8033
5.8949
10.0771
7.4538
16.5888
4.8863
5.3867
5.8116
5.3223
4.9701
4.8073
5.0582
5.1905
4.6060
5.2140
7.4086
7.0737
11.7535
6.1525
10.5134
6.3492
9.2578
6.0395
4.8136
5.3495
6.8660
5.6509
6.6856
5.9539
5.2888
30.1809
8.0928
9.6448
8.0445
5.7795
10.1520
12.9630
9.6268
11.7284
5.0231
4.8867
5.0995
4.6411
5.2319
4.6838
6.5504
7.1640
10.7278
5.0592
9.2756
6.6474
8.9110
15.8733
5.4827
5.2556
10.2529
5.0251
5.1010
5.1330
4.6003
4.7825
4.5912
4.5747
4.5546
4.8049
4.7459
6.6705
5.9994
5.1664
7.7160
6.9325
6.7651
19.4580
4.8064
4.8364
4.8161
4.6545
5.1657
4.2660
4.8876
4.4941
4.8498
4.7368
5.1748
8.0127
6.6646
5.9199
11.7895
9.1074
16.8179
4.6842
4.6286
4.5293
4.5162
5.1676
4.6799
4.7908
4.9601
4.7573
4.9498
6.1606
6.0796
8.0998
11.2574
7.8866
6.6356
15.9621
5.2560
5.0243
5.3510
4.9221
9.9742
5.8128
5.4003
7.1438
4.9759
8.7067
6.7671
8.1465
5.2981
7.3959
7.6181
5.7836
7.7198
4.8214
4.9317
4.5144
5.1991
4.9855
5.9056
5.8450
7.0439
4.8492
4.9798
6.6563
6.7585
6.9462
5.8824
5.6182
5.8958
17.2787
4.7972
5.1383
4.8961
4.9914
5.1918
5.5975
5.1438
4.7395
4.9071
4.6158
5.3081
9.1905
7.8958
10.0184
6.5471
7.7263
7.1367
6.0103
5.4334
4.9499
5.2447
4.7693
4.9457
4.6956
4.6184
4.6527
6.6955
4.8475
5.7376
9.4296
5.8085
5.3281
5.9322
33.2659
5.7978
5.6375
5.0042
5.0208
7.2120
5.3395
6.0362
4.8505
5.3790
7.3341
4.8120
5.3697
6.1849
5.0254
10.0207
5.3718
25.6080
5.3802
5.6602
4.5714
5.0359
5.2864
5.3342
6.4956
5.1812
5.5008
6.0526
5.7505
5.7024
5.5204
5.3150
5.5124
6.3907
19.0517
5.0082
4.9524
4.7284
4.5372
5.3608
4.5538
5.3492
7.0051
6.1491
13.6797
6.1328
6.7006
5.9420
7.5723
5.5875
6.2270
22.1474
5.3072
5.4586
5.3924
4.7115
5.0539
4.5060
4.9791
4.6946
5.0588
4.6416
7.4575
7.0496
9.4043
6.4710
9.2953
5.6286
14.0114
5.2066
5.0722
5.5076
5.2822
5.7670
4.7279
5.5646
4.8489
7.0761
8.0012
7.2886
5.3543
6.1565
7.2113
5.9367
7.6357
31.3367
6.5096
5.8533
5.3800
5.4155
5.2314
5.1175
5.2727
5.3787
4.8994
10.3524
5.6918
5.6104
6.8632
5.9040
4.9997
5.8134
11.3781
5.1191
5.1310
5.3259
5.1394
4.7088
4.5864
5.1894
5.3237
4.3250
4.9180
6.2734
5.3787
11.5427
13.2009
12.3386
9.7908
9.7756
4.5932
4.9468
4.5107
5.0111
4.8755
4.6821
4.5530
5.2334
4.5742
4.8411
9.7373
6.2001
13.1675
5.3332
6.6445
5.7599
22.7945
4.9995
5.2455
4.9741
4.9858
5.0298
5.0124
4.8421
4.6291
5.3220
4.7939
6.7567
6.9040
7.5072
11.0676
5.3969
7.1419
16.2589
4.8608
4.9028
4.6205
4.7166
7.7220
5.4630
9.5753
5.2157
5.8094
5.4258
8.1931
7.4639
6.1263
5.6805
5.3857
9.5213
18.0300
4.8289
5.2562
4.9734
4.7907
5.0142
5.0812
4.9149
5.1325
4.9991
5.2397
4.6470
5.5170
5.9895
10.7438
6.9273
7.5788
17.2924
4.6294
4.6657
4.6245
4.9817
5.7081
6.4711
5.2714
9.3982
10.5215
7.6192
8.0544
4.8643
5.3264
6.3920
5.3579
5.7317
13.6948
5.2118
4.7007
5.2470
4.8373
5.2668
4.9051
5.0072
4.6069
4.2658
5.1232
5.7869
7.9937
9.3638
8.0320
14.2836
6.1284
14.0931
5.1501
4.6311
4.7206
4.5867
4.9054
4.8042
5.1645
4.9751
4.9615
5.7894
7.1009
9.6689
6.7632
10.0160
8.9404
6.0325
14.1072
5.2146
5.2674
4.8097
4.5084
4.8435
4.5554
5.2534
4.6074
4.4531
4.4748
10.6743
11.5321
13.2380
7.1304
5.9056
6.8421
14.8478
5.0267
4.8595
4.8406
4.5406
5.3794
5.6883
4.4627
4.8391
4.9695
5.5316
9.3317
7.2130
10.0461
5.7320
4.9275
4.8063
7.9078
4.4459
5.4071
5.0499
5.0280
4.9416
5.2372
4.2133
4.7686
5.3556
4.7996
7.5185
9.2831
7.0513
9.8745
12.9310
5.1810
8.3148
4.7126
5.1747
4.7816
4.4218
4.6981
4.9158
4.9934
5.4242
9.2050
5.3105
6.5367
9.9846
7.2391
12.0062
7.5946
5.9513
9.0702
6.5857
7.0047
5.2400
5.0208
5.9323
6.3196
5.7608
6.2236
14.0435
8.5514
5.9747
11.0844
6.1768
6.5460
5.9780
9.5925
20.7305
5.6587
5.2430
5.1422
5.4754
5.3310
5.0246
6.4817
5.8411
5.3651
5.0934
6.4522
10.0421
5.4043
5.5836
9.5719
11.3697
13.1960
4.7891
5.5745
5.3068
5.3323
5.0175
4.8307
4.7987
8.3579
8.6738
7.2987
12.6254
6.2992
9.2154
6.5137
10.9462
7.4682
15.2015
4.9403
5.2268
5.2676
4.8622
5.4626
5.2089
4.8001
5.3668
4.9626
5.1237
6.1762
10.0857
8.0326
13.8193
9.5118
13.5877
22.6928
5.1123
5.1791
5.0903
4.7391
4.8508
5.1795
4.6117
5.2900
5.2811
4.7651
12.5743
5.2497
8.1603
13.4619
11.6757
6.2131
15.4621
6.2124
5.4265
5.1205
5.2376
5.4300
5.8264
5.3919
5.9949
5.5310
5.0903
5.9143
10.7704
6.3001
8.0934
5.7749
6.5810
10.6105
5.0621
5.8077
5.8180
5.9890
5.6502
5.7293
6.4762
7.0750
6.4226
8.2338
9.5773
6.4292
6.6004
5.2485
6.0375
5.3790
15.7293
6.4854
5.9927
9.4552
5.2445
5.6507
5.1488
7.7563
5.8532
5.2576
4.9473
6.1849
7.0147
5.5958
5.9202
8.8902
6.8201
27.5787
5.5014
7.2303
5.8316
5.3548
5.6730
5.4980
8.7973
5.3050
4.9852
6.1593
10.3382
5.8599
6.9886
5.7020
6.5170
5.2541
14.6178
5.4881
5.8689
4.9958
4.5113
6.0840
5.9713
6.4255
5.0959
5.7755
5.3532
8.3737
6.1988
5.8885
8.0960
7.2796
6.8712
20.7301
5.3442
4.8914
5.2468
4.9885
5.5311
5.5289
7.1839
11.0166
6.7117
7.9597
5.9777
12.9658
9.8336
6.1751
5.9874
11.8219
14.3543
5.9599
5.6180
6.1430
6.1978
5.6911
4.8819
5.2980
4.8734
5.6518
5.4086
5.9740
8.3092
8.8779
14.2032
7.0812
9.2901
20.9113
4.9247
5.3035
4.8195
5.2956
4.7134
5.0292
5.0266
5.0023
5.0511
4.9184
9.1804
8.0034
7.2763
12.4724
7.9469
6.0133
7.8278
5.1830
5.6728
4.8336
4.9741
5.4968
5.2011
5.6723
5.6921
5.4474
5.4199
5.8603
11.5469
6.7818
5.3044
13.5819
8.0035
12.1403
6.4442
5.5432
7.8083
6.8668
5.4955
6.7522
6.2771
5.4350
5.3788
5.5114
6.1655
6.6535
10.9517
5.9393
6.4085
6.1469
30.7980
5.1840
5.8909
6.2208
5.9370
6.4790
6.0525
7.0820
5.6116
5.4179
5.3235
6.4249
5.2382
5.6098
7.8987
12.4060
8.9742
22.2478
5.4391
5.8060
5.5683
5.7480
5.1301
5.7744
5.8257
7.1388
6.7950
5.2764
8.9814
7.0409
5.7581
7.7658
5.4734
10.7276
17.1862
9.1236
5.7431
7.4777
7.9353
6.1004
5.8688
6.6648
6.9330
9.0248
7.2976
5.3873
5.4979
5.1053
7.4492
6.4503
8.0461
22.7027
5.2121
5.0142
5.7289
5.2473
5.5269
5.3868
5.8669
5.7258
7.1079
8.3416
8.8244
8.2736
6.1278
6.2227
5.5422
5.7699
18.1549
7.3252
6.3135
6.4542
5.5177
5.8879
5.3190
4.9749
6.4972
5.5959
5.2393
5.5785
8.7386
6.9597
6.7902
5.6574
5.2216
27.8641
6.2622
8.3032
5.8651
5.4334
5.0541
6.3927
7.2359
5.8122
5.7046
5.3229
9.2124
8.3775
5.7430
6.2002
7.8916
12.4538
22.6821
5.8261
5.7252
6.0701
6.3599
7.0149
7.0973
7.0738
5.7193
5.8120
7.5357
5.8535
6.8805
7.7028
9.1305
7.3862
6.2493
13.0728
5.2851
5.5230
4.9644
4.6905
5.6289
5.8035
5.0053
5.4801
5.1769
5.6822
5.7095
7.0223
12.8998
15.1941
10.9130
14.7761
11.2946
5.0653
5.7889
5.2817
6.2074
5.8228
6.0313
5.9981
6.1046
6.2325
6.1602
7.1758
10.7728
6.9820
11.1762
7.9756
7.4104
12.2211
5.6770
4.9568
5.1882
5.4106
5.0473
6.8205
5.2286
7.4309
6.7617
7.6086
6.3286
9.8935
6.4604
12.3096
7.8737
6.6979
7.3618
5.1220
5.7059
5.6665
5.3974
5.5896
5.1961
4.8514
5.2113
5.5253
5.3838
6.2451
6.2476
7.2361
7.8208
7.0357
8.9616
14.5069
5.5238
5.4724
5.1667
6.7546
6.1746
5.5910
5.9171
6.1299
6.8575
6.3711
8.2187
10.8136
7.5152
5.6332
7.7425
11.3601
17.3894
6.0954
5.3668
6.0867
5.6175
6.0664
6.6621
5.8167
6.0587
6.3360
5.6457
8.2991
6.0090
4.7052
5.9509
6.0084
5.6226
17.4740
5.4662
4.8164
5.0855
5.1156
5.7465
6.4449
5.3682
5.9860
9.0058
5.7071
5.2897
4.7582
7.9900
12.4985
6.5942
5.6472
17.5020
5.7427
6.3417
4.9987
5.5804
5.1746
5.4284
5.7464
6.0248
6.5295
10.3490
6.3337
6.0027
7.2912
7.0099
6.6326
6.1761
11.6622
4.4455
6.4374
5.6211
5.9257
5.8575
7.4628
6.1419
5.5705
6.8081
10.3291
6.3876
9.5372
6.7140
11.1802
8.1474
9.2072
19.2255
5.2038
5.6590
5.3648
5.3405
5.0215
5.8841
6.7681
5.9788
5.5968
6.8108
8.4892
9.6182
5.6623
10.3752
6.7680
5.5848
26.5281
6.0013
5.3808
5.4691
5.5181
6.0815
4.9127
8.2194
6.7260
5.4782
7.1752
7.5781
5.5049
5.6640
7.7860
5.9044
6.5586
19.5565
5.1799
5.0335
5.8315
5.4339
5.6446
5.6106
4.6943
5.3700
5.8776
6.5140
13.9077
10.4861
14.2200
8.7358
8.7629
6.2295
7.5211
6.2125
7.5494
5.2175
5.8465
5.0482
5.9447
7.2551
6.5307
5.9059
8.7891
6.7579
5.7767
6.6799
6.0069
11.2005
7.2227
16.8912
5.2422
5.7615
5.2478
5.4762
4.7753
5.0975
5.0367
5.7818
9.5206
11.8651
6.8256
7.0862
6.9350
5.6668
8.6038
6.3056
13.9932
6.1472
6.0194
5.5522
5.4148
5.7955
6.4880
8.1479
5.9465
10.0206
11.6493
12.5294
8.2106
5.7026
9.9671
6.3999
5.1701
9.0369
6.0242
5.8800
5.8459
7.6730
9.1424
6.7579
13.0411
9.3189
7.6629
11.9415
8.6024
7.8556
5.6884
15.0668
10.3292
5.5900
8.7693
4.9225
5.6277
4.9640
5.3391
5.4811
5.3396
5.4417
6.1455
5.1173
5.4677
5.5192
12.2407
7.2524
7.3830
7.2544
7.9878
19.3043
5.6153
4.7088
5.0159
5.6844
5.4625
5.7607
5.1642
4.8278
4.7982
6.7682
6.8781
6.0931
7.1622
6.7630
4.7983
9.0521
14.6197
5.7958
4.7137
4.8685
4.9076
5.5354
5.3167
5.3675
6.3865
6.2595
8.9963
5.1863
9.6797
5.8782
6.8557
7.2542
5.8045
13.4783
5.1169
5.6334
4.9228
4.8771
5.5507
5.1325
5.6896
5.4803
5.7876
5.2748
7.3910
8.4560
10.3406
7.6496
15.1333
5.9144
11.2277
5.2004
5.5071
5.1293
5.5809
4.9865
6.1947
5.8155
5.3136
5.0244
5.4315
6.5312
5.4892
8.5382
7.7792
5.8211
5.5536
10.4679
5.0555
5.0302
4.7960
5.3769
5.0065
4.7040
5.5846
5.5389
5.4189
5.3210
8.7600
8.2160
7.9554
8.8298
12.7291
7.7440
19.2292
4.7519
6.0038
5.0754
5.2354
5.2309
5.0708
5.8367
5.8033
5.0087
5.3227
6.3906
8.2682
7.8183
9.7980
13.5978
5.2665
8.6940
5.4498
6.3067
5.0187
6.1680
6.0750
5.8591
5.6530
5.5413
5.5629
6.1520
6.3227
7.9155
8.5777
6.9482
12.9595
7.4675
10.5932
5.1228
6.1211
7.6402
6.2174
6.4682
6.5030
8.9143
7.0090
6.3089
7.4886
6.9298
15.2301
7.3511
6.2325
6.3238
6.2098
18.1989
5.0063
5.8917
5.2936
4.4918
5.6120
5.3044
5.1538
5.2941
4.7199
4.8709
6.9974
10.4447
8.4051
8.9326
9.9723
10.2947
10.9438
4.9218
4.9029
4.2013
5.8815
5.3558
5.3927
7.7033
6.9619
15.4977
9.0453
5.6211
5.8568
7.1872
12.5922
15.2412
8.3613
14.4751
4.9813
5.3778
5.4341
5.2754
5.1206
5.6993
5.2308
5.4186
5.6013
4.8949
9.8175
9.4516
5.2525
8.5908
6.0463
6.5198
11.8418
6.5504
9.3450
8.1724
5.9300
6.8291
9.1472
7.8857
6.2620
6.7812
6.1523
6.5323
6.1584
5.6678
5.5100
5.5374
5.5320
6.4578
5.4795
5.5447
5.1967
6.0734
5.7572
5.1371
6.9284
5.7488
7.9620
7.6997
6.3245
9.1772
5.6884
6.4286
6.2636
5.7034
9.2931
5.5018
5.2213
5.6041
5.3377
5.5645
5.4944
5.0663
5.4148
5.4793
5.4512
5.5943
5.3452
5.8769
6.1781
8.0736
5.5571
14.0083
4.7946
5.2989
4.7701
5.0443
6.5094
5.3083
5.6882
5.7648
5.5666
5.8001
5.7516
8.7943
7.4836
8.7522
9.9735
6.7758
23.9763
5.1666
5.5955
5.2845
5.9501
5.2613
5.5146
5.0839
5.3919
5.1184
5.5399
5.4869
7.8711
8.2133
11.5741
6.4040
7.9135
17.9379
6.1506
5.7783
6.1566
5.2911
5.9708
5.8131
5.8901
8.8103
8.6440
8.3416
6.3050
5.4238
6.4382
9.3461
5.8972
5.5644
23.5860
5.5218
7.0804
6.1013
6.8861
5.9959
5.2344
7.1759
6.2657
5.5656
5.9997
6.7445
11.6240
7.7179
5.7758
6.1767
5.7568
18.7426
4.9847
5.7750
5.5915
5.2620
5.5990
5.5698
5.3603
5.2833
4.8596
5.2428
6.2235
7.0942
8.8721
6.4920
12.6938
5.8491
9.8980
7.4611
5.8986
5.6969
6.3893
6.1904
5.1911
5.9182
6.5740
6.1573
5.7861
7.1879
6.7337
7.3164
7.4702
5.4607
5.2252
14.3773
5.3542
5.9475
5.0940
4.8843
4.5148
5.0368
5.2056
4.9299
5.0361
4.9047
5.4051
11.6649
12.4444
7.7524
4.9205
6.0596
9.0521
5.0774
5.6181
5.9704
5.3732
5.9928
5.7676
6.7077
5.6380
5.9847
5.1199
5.9112
6.3078
5.5261
5.3516
5.2182
6.2628
18.1902
6.0330
6.0090
5.7969
5.4450
5.6437
5.4471
5.2958
5.6809
5.3845
5.5290
5.4074
8.3842
16.1604
7.8359
10.8153
12.2878
22.9574
5.0157
5.2642
5.5391
6.0540
5.6220
5.0038
5.0394
5.6088
5.4415
5.2533
6.2434
10.5854
8.8941
7.3055
8.7611
7.8141
16.6738
7.2239
6.2019
6.2006
5.2522
6.3493
6.2429
5.9387
6.5028
6.2943
7.3227
8.7450
5.8648
6.0270
6.0970
6.6712
6.2602
21.3336
5.2246
5.5442
5.7103
5.1578
5.0427
4.9799
5.6046
5.2069
5.4633
5.6381
6.7752
11.6731
7.7841
13.5021
6.4783
7.8907
17.2098
5.8557
5.7738
6.7391
5.6474
5.0541
5.5323
5.6736
5.0286
6.2745
6.4361
7.4800
9.1947
8.2812
6.1635
7.5820
9.2109
24.7859
5.5059
5.6648
5.7053
4.3132
4.5698
4.9929
4.7133
6.1549
5.0668
5.1255
5.8342
6.9070
9.6417
7.4587
8.6673
8.3713
22.9045
6.0366
5.8832
5.6890
5.7128
5.5298
5.9304
6.1315
6.4342
5.0250
5.6702
6.0739
7.2889
6.0797
4.8230
5.4775
5.2488
12.0413
5.8181
6.2307
5.2400
5.7520
5.2388
5.6265
8.0891
10.3390
5.4851
7.7730
8.5248
10.6037
6.3332
5.5532
9.9658
11.5819
21.7023
4.9550
5.2126
6.0865
5.3158
4.9894
5.0146
5.5864
5.5404
5.2492
5.5532
5.8417
5.6316
6.1478
11.2502
7.6570
12.1955
13.6419
5.4597
5.3402
5.4205
5.3887
5.9920
4.9789
6.7261
5.3376
4.9387
7.6081
6.0802
8.3596
6.6497
5.3125
6.0433
5.2424
18.2539
5.4832
5.8891
5.3737
5.7284
5.0279
5.4429
5.5734
6.0512
5.1414
5.5835
6.0277
7.8314
7.1633
11.6703
9.3154
7.2294
8.8134
6.0975
6.0085
6.0977
5.4389
5.4383
6.2003
7.5415
6.8096
6.5446
5.8580
6.1366
7.9944
9.1761
6.9224
5.6043
6.0484
16.0456
6.9151
6.9800
6.1202
8.0278
6.1152
8.1363
7.1217
6.5075
10.9604
8.9746
8.9345
9.8063
6.4412
6.9727
10.8976
5.9580
7.8349
5.0850
5.2586
5.3656
5.3122
4.7427
5.4593
5.5924
5.1162
4.8553
5.1192
6.5805
10.0437
8.1325
6.5250
6.9557
7.9413
17.6434
5.6242
5.9633
5.2566
5.9529
6.9208
6.5756
5.5872
6.2092
6.2226
5.2648
10.5324
6.4524
12.2647
5.5144
7.0246
12.3164
22.7665
5.5967
5.3863
6.1021
6.1045
5.7607
5.7530
5.7391
5.5798
5.1733
5.5681
10.4310
6.6894
5.0383
6.3423
9.0464
6.2589
5.5680
